1 -7903.221006 15551.252292 17382.731445 17382.731445 -0.000000 5.195106 5.214513 231.274777
0 464.357300 314.960601 409.178729 284.029153 0 0 0 60.660275 
1 100.947850 119.872948 29.034768 29.034768 0.000000 0.787174 1.804957 6.903122
0 112.200089 148.164142 122.423952 140.982852 0 0 0 4.334152 
1 445.080509 108.406096 67.098838 67.098838 0.000000 1.391041 2.238861 21.577063
0 429.013327 175.422723 459.065170 176.739970 0 0 0 4.899473 
0 124.158002 139.775787 105.348564 140.102358 0 0 0 14.227593 
0 328.854251 143.847432 326.793521 136.577233 0 0 0 0.359498 
0 40.229389 134.603074 62.909719 141.511010 0 0 0 18.784632 
1 101.453873 34.910156 138.176002 138.176002 0.000000 1.094015 1.995989 22.778731
0 165.425481 156.732549 140.611777 168.379453 0 0 0 26.532969 
1 544.215732 207.126234 132.351277 132.351277 0.000000 1.925264 2.158588 4.483289
0 498.973409 333.146498 473.530191 318.940300 0 0 0 28.261749 
0 482.978860 142.440546 499.481070 146.385529 0 0 0 0.021148 
1 -5738.947804 11424.740850 12723.182317 12723.182317 0.000000 5.194988 5.216502 191.515959
0 408.376373 284.276008 329.971357 242.380392 0 0 0 101.729328 
1 347.679150 62.232382 84.104813 84.104813 -0.000000 1.327212 1.800821 30.262949
0 356.659352 147.276861 332.844324 145.909139 0 0 0 17.793417 
1 -37.921572 -519.870698 683.552066 683.552066 -0.000000 1.350768 1.409571 35.865879
0 100.112572 150.198726 112.203249 147.974093 0 0 0 6.824209 
1 159.810086 165.547559 50.074621 50.074621 -0.000000 5.034277 5.464470 7.634835
0 198.314229 130.885145 177.490472 118.522715 0 0 0 13.395688 
2 48.576448 203.298787 53.648492 5.639084 -0.293655 4.945616 10.005774 64.625410
1 -20.378330 -76.935792 291.238269 291.238269 -0.000000 1.218307 1.487039 64.868980
0 109.432044 185.993691 91.400896 194.942175 0 0 0 8.002498 
1 -1714.659058 3894.038946 4184.748876 4184.748876 -0.000000 5.178310 5.222360 132.675710
0 329.727234 241.729407 169.361213 157.425667 0 0 0 215.713683 
1 20.922975 261.686713 127.846747 127.846747 -0.000000 4.553944 4.855235 34.379860
0 1.557041 135.600953 40.309787 134.442843 0 0 0 24.472062 
1 388.959931 285.676982 120.964606 120.964606 0.000000 4.200326 5.048690 37.393304
0 372.872724 165.327410 400.369607 164.012247 0 0 0 25.584982 
1 480.164491 193.821609 33.848793 33.848793 -0.000000 3.876087 4.961337 37.524449
0 455.856875 171.957827 466.041508 163.428286 0 0 0 6.307642 
1 477.108275 73.834880 72.054801 72.054801 0.000000 1.475586 1.857654 9.058281
0 457.699813 144.415415 480.473892 147.005445 0 0 0 8.828782 
1 657.913673 -406.349435 624.775710 624.775710 -0.000000 1.947992 1.997069 10.663012
0 399.858531 164.388533 416.769301 169.935040 0 0 0 15.377007 
1 401.849302 309.910810 147.762463 147.762463 -0.000000 4.204584 4.507874 30.670204
0 330.087108 179.505561 372.490790 165.464679 0 0 0 34.747648 
1 434.929569 128.260440 45.424631 45.424631 0.000000 1.721153 1.987734 2.756247
0 416.881925 170.718105 429.436664 174.274886 0 0 0 6.241795 
1 266.797504 -165.043210 303.445521 303.445521 0.000000 1.616295 1.800633 40.015449
0 235.190864 137.722130 198.913766 131.633584 0 0 0 30.185259 
1 491.318207 231.414435 72.886012 72.886012 -0.000000 4.343102 4.804400 36.530367
0 466.078831 163.999417 485.546569 159.949777 0 0 0 20.872487 
0 110.361001 129.799022 136.625633 130.344533 0 0 0 25.124214 
1 103.964466 -0.310199 173.329374 173.329374 0.000000 1.365567 1.926084 40.017041
0 140.315097 168.647764 122.777605 170.849072 0 0 0 28.794325 
1 83.199409 62.203847 86.391210 86.391210 0.000000 1.327486 2.073255 24.817365
0 85.511457 149.175395 60.269318 146.304064 0 0 0 19.411618 
0 105.352674 146.486302 86.487839 149.522885 0 0 0 3.587706 
1 428.787071 344.563872 198.355436 198.355436 -0.000000 4.683105 4.829349 18.217929
0 442.825807 147.403642 452.864709 148.037884 0 0 0 2.900191 
1 450.529846 -591.971226 749.114255 749.114255 0.000000 1.519477 1.696024 46.631373
0 452.931934 159.596510 362.865157 153.009594 0 0 0 106.906201 
1 -25.948919 -129.070210 343.525891 343.525891 0.000000 1.227982 1.493966 60.365051
0 90.570651 194.709800 59.829524 204.994575 0 0 0 47.034424 
1 98.199817 3.437598 142.295636 142.295636 0.000000 1.550878 1.833593 10.563349
0 72.906117 143.950887 85.452194 146.193058 0 0 0 1.192142 
0 176.980511 119.033061 163.011988 123.321233 0 0 0 2.582207 
1 462.940643 -326.311898 553.235010 553.235010 -0.000000 1.948976 2.099403 26.875331
0 481.624972 157.905109 469.123818 157.893459 0 0 0 1.421148 
0 312.709802 173.914024 325.870815 176.006544 0 0 0 0.165796 
1 -287.114654 -1060.812675 1313.342064 1313.342064 0.000000 1.304289 1.349700 65.575153
0 60.164879 207.009512 1.532529 221.244110 0 0 0 72.625286 
1 141.812964 528.395629 409.513137 409.513137 -0.000000 4.847360 5.105170 36.432995
0 245.144941 133.764036 289.180800 145.159367 0 0 0 35.503532 
1 244.735400 -1014.497394 1161.005453 1161.005453 -0.000000 1.561090 1.628338 40.693820
0 187.858886 145.770354 227.894272 147.402162 0 0 0 31.448998 
1 119.006535 1128.161559 929.083191 929.083191 0.000000 4.584840 4.647689 39.928423
0 59.106418 201.432819 11.567417 206.029474 0 0 0 45.221566 
1 207.511646 239.209012 120.132170 120.132170 -0.000000 4.590238 5.230097 27.789460
0 245.496144 126.232141 221.696495 118.893149 0 0 0 17.448197 
1 299.969320 356.722583 175.237519 175.237519 0.000000 4.471336 4.803882 34.785071
0 259.091010 186.354297 288.012841 182.722783 0 0 0 20.308779 
1 225.993494 -90.986977 246.167030 246.167030 -0.000000 1.163715 1.216756 2.929195
0 324.293414 135.852818 305.263980 142.560018 0 0 0 10.263297 
0 254.158084 138.646733 235.411321 137.349936 0 0 0 6.763116 
1 294.205176 344.371057 162.948838 162.948838 0.000000 4.674192 4.845820 11.249364
0 289.114403 182.065278 316.628550 182.727488 0 0 0 15.686985 
0 477.642994 148.033599 460.645375 151.646894 0 0 0 3.457921 
1 386.434031 -507.184933 668.860548 668.860548 -0.000000 1.449905 1.472399 8.362646
0 467.897275 158.549039 452.913638 159.044201 0 0 0 17.800966 
0 86.604285 146.210303 101.629235 145.459779 0 0 0 3.068768 
1 460.141512 -509.226041 670.089955 670.089955 0.000000 1.807571 1.896898 20.463847
0 304.212616 142.484610 281.456150 137.377344 0 0 0 11.397105 
1 158.377295 503.456469 382.302929 382.302929 -0.000000 4.776347 4.936964 11.319933
0 183.969461 121.443869 235.225477 128.902524 0 0 0 45.164929 
0 404.135387 141.074126 389.120130 141.297206 0 0 0 1.824706 
1 430.240889 250.762783 104.616341 104.616341 -0.000000 4.482887 4.830895 18.218585
0 425.374414 147.101538 441.625352 147.089233 0 0 0 9.390398 
1 67.468108 -32.986208 222.072092 222.072092 -0.000000 1.414394 1.654174 32.059423
0 50.386810 189.626287 102.916552 188.388713 0 0 0 26.935415 
2 404.840149 314.818834 5.191714 5.029079 0.185161 0.000000 6.283185 5.421868
1 404.842237 314.811861 5.143603 5.143603 -0.000000 0.707229 0.708092 12.202238
1 270.377741 -2167.913141 2314.337289 2314.337289 0.000000 1.577010 1.589109 8.180388
0 229.115364 146.946463 256.625373 146.660986 0 0 0 7.475810 
1 89.156199 -130.125686 299.948360 299.948360 0.000000 1.463673 1.726454 28.493322
0 75.454524 171.154851 45.466761 166.082508 0 0 0 22.224032 
0 233.164855 129.504337 244.416271 133.250083 0 0 0 5.151248 
1 240.599844 430.196744 312.093341 312.093341 0.000000 4.559641 4.649490 17.666964
0 221.535017 119.363076 194.140479 121.799075 0 0 0 21.370015 
1 103.684726 206.205097 56.876950 56.876950 -0.000000 4.154791 4.615031 23.511609
0 88.649844 154.327178 99.295013 149.499915 0 0 0 0.471662 
0 370.392791 145.485967 357.573516 147.541215 0 0 0 1.734334 
1 171.232036 148.171383 25.992898 25.992898 0.000000 4.384140 5.405911 1.477381
1 286.483240 164.135957 18.262874 18.262874 0.000000 4.511850 5.473654 3.341099
0 284.523812 145.530982 300.476569 151.346377 0 0 0 12.894769 
0 260.480735 131.303421 246.217704 126.613736 0 0 0 3.402480 
0 62.874353 141.846578 75.376708 141.838710 0 0 0 14.384583 
1 391.878707 314.762758 5.549785 5.549785 -0.000000 0.665832 5.065100 2.089504
1 105.264010 241.745717 74.880255 74.880255 -0.000000 4.294939 4.934293 37.719508
0 121.836043 168.865954 101.778495 170.754882 0 0 0 50.148733 
1 462.177070 1477.970044 1339.794179 1339.794179 0.000000 4.690618 4.700326 0.277550
0 449.100932 138.611331 424.038815 139.785623 0 0 0 15.191096 
1 780.969724 1258.837304 1266.562368 1266.562368 0.000000 4.153658 4.166374 4.425205
0 124.350038 177.018389 110.218889 185.102102 0 0 0 9.390398 
1 234.908377 140.757880 47.030027 47.030027 -0.000000 4.296024 5.268534 11.290745
0 216.535060 98.842136 234.594023 93.100098 0 0 0 7.049322 
0 234.469833 91.954794 261.869544 102.222423 0 0 0 13.019347 
1 169.640732 540.468003 435.846402 435.846402 0.000000 5.080932 5.151790 12.178688
0 335.287066 138.182062 342.880288 140.356536 0 0 0 0.359498 
0 486.146023 160.548005 499.248003 158.793585 0 0 0 1.489378 
0 11.699699 207.106980 1.432098 206.108338 0 0 0 1.827303 
0 342.518608 141.411977 356.421964 145.991425 0 0 0 3.826065 
1 205.962920 23.784538 129.185177 129.185177 0.000000 1.258991 1.726449 48.473012
0 235.545089 150.561378 202.910619 154.425796 0 0 0 33.153309 
1 266.116757 103.124627 65.172493 65.172493 0.000000 1.038868 1.767341 69.780993
0 295.711878 163.025394 277.463684 167.415167 0 0 0 20.109771 
1 456.003397 315.374944 5.165651 5.165651 -0.000000 4.867465 10.254493 0.470515
0 140.354845 135.451410 155.612164 139.475877 0 0 0 4.891438 
1 120.430789 195.031805 58.143189 58.143189 0.000000 4.809731 5.516175 18.041237
0 142.618990 140.202570 164.192655 155.278184 0 0 0 12.118629 
1 388.483515 284.390448 138.288414 138.288414 -0.000000 4.476915 4.974488 52.786370
0 356.580652 149.678264 390.432195 147.523577 0 0 0 29.767470 
1 -43.168208 234.419257 104.490776 104.490776 -0.000000 5.252130 5.666171 31.707342
0 10.842608 143.570454 33.963457 163.066577 0 0 0 23.235857 
1 216.224456 -61.378759 212.726246 212.726246 0.000000 1.802514 1.969825 2.357002
0 168.691799 145.872008 142.794342 139.450276 0 0 0 3.775497 
0 389.101059 146.477996 406.633542 146.319419 0 0 0 7.227409 
1 76.350124 133.083473 34.705806 34.705806 0.000000 1.405730 2.106451 2.592233
0 61.704226 165.042692 76.461448 168.561003 0 0 0 1.734334 
1 251.437145 64.940617 137.414615 137.414615 -0.000000 1.015887 1.252236 9.609367
0 299.358527 194.646695 325.421949 182.979883 0 0 0 15.833408 
1 174.773704 182.506327 28.981157 28.981157 0.000000 4.454784 4.960657 2.044477
1 620.446957 1484.767416 1387.774015 1387.774015 -0.000000 4.580638 4.624067 22.958879
0 466.569275 106.360502 478.097624 103.931679 0 0 0 0.359498 
1 378.125989 319.860100 5.774473 5.774473 -0.000000 0.681113 6.696890 1.489347
0 179.126147 96.635589 197.926365 94.599210 0 0 0 2.787291 
1 400.090475 -364.706617 509.661296 509.661296 -0.000000 1.596524 1.632198 4.335980
0 380.399223 145.113116 372.733567 144.404071 0 0 0 2.767738 
0 256.288916 157.049077 266.822313 155.343763 0 0 0 2.726962 
1 -1493.460314 4821.931395 4955.535252 4955.535252 0.000000 5.074771 5.125930 212.580885
0 404.180989 243.983150 264.696181 188.927890 0 0 0 111.890391 
1 405.276135 -424.789093 574.738845 574.738845 0.000000 1.707556 1.740767 1.907016
0 309.187709 142.453145 327.895942 145.234115 0 0 0 2.787291 
0 406.617727 148.410956 416.642150 148.308856 0 0 0 9.820481 
1 485.252632 13.925803 90.066176 90.066176 0.000000 1.427060 1.652958 5.754247
0 479.128903 104.427709 499.141694 104.169659 0 0 0 7.049322 
0 128.926548 132.536751 137.540528 134.411672 0 0 0 2.165678 
1 269.758598 126.278684 25.946245 25.946245 0.000000 4.403081 5.052651 0.394993
0 262.774288 102.373814 271.667549 100.586742 0 0 0 1.617749 
0 274.166160 181.926061 255.424674 184.488337 0 0 0 2.708762 
1 214.016319 45.641202 51.236473 51.236473 -0.000000 1.571114 1.896912 3.626102
0 198.942323 95.165747 215.345185 98.044859 0 0 0 4.438796 
1 293.811464 36.543425 67.604859 67.604859 0.000000 1.299762 1.906782 13.531006
0 272.719763 101.093849 295.506783 106.014761 0 0 0 5.134372 
0 276.542420 135.668168 262.824549 131.804106 0 0 0 0.731491 
0 272.235066 151.805257 279.031678 148.906212 0 0 0 1.152095 
1 29.452727 -358.188351 542.825685 542.825685 -0.000000 1.534759 1.623420 57.175854
0 1.586389 184.562508 50.368052 185.678647 0 0 0 52.815166 
1 449.803448 -156.722061 264.090531 264.090531 -0.000000 1.516399 1.737879 21.238857
0 417.827183 105.725448 431.660751 107.612984 0 0 0 1.262588 
1 446.281689 -45.958963 153.312498 153.312498 -0.000000 1.453187 1.664505 9.293295
0 44.061707 180.758895 60.282952 183.433303 0 0 0 2.582268 
0 341.568895 121.058943 325.354291 122.666058 0 0 0 1.534631 
1 268.652226 195.637436 52.757999 52.757999 -0.000000 4.101576 4.917913 3.547368
0 280.353712 146.720098 254.947904 141.032930 0 0 0 29.360692 
1 363.461995 -51.326727 158.621279 158.621279 -0.000000 1.674399 1.854792 5.358381
0 326.778854 103.291350 346.789367 106.984389 0 0 0 6.225023 
1 408.013086 174.337953 69.505152 69.505152 0.000000 4.346775 4.828735 12.524744
0 391.614677 106.327609 416.627929 105.459384 0 0 0 5.261749 
1 -3.576485 199.066604 51.108385 51.108385 -0.000000 5.490946 5.858419 12.131281
0 33.692254 163.521527 42.596757 175.580459 0 0 0 8.609888 
0 465.266138 151.975218 481.501633 157.021881 0 0 0 1.343605 
1 -1821.529729 5579.443947 5781.078338 5781.078338 -0.000000 5.107408 5.125239 70.892427
0 499.421267 284.672840 404.451366 244.601506 0 0 0 92.600107 
1 312.077780 151.509048 49.229560 49.229560 0.000000 4.372788 4.751994 3.955131
0 296.428429 104.807284 315.362533 102.759715 0 0 0 2.587283 
0 274.349200 144.726313 266.491727 142.010603 0 0 0 3.971858 
1 -50.654314 820.775555 684.124009 684.124009 -0.000000 4.804298 4.873721 74.891800
0 60.644290 146.882134 50.382112 144.098780 0 0 0 12.983460 
0 351.462850 106.159794 366.839499 109.336843 0 0 0 0.165796 
0 370.455075 107.484040 384.142914 110.287539 0 0 0 0.359498 
1 406.203319 1386.399781 1266.518606 1266.518606 -0.000000 4.685366 4.784920 47.497346
0 445.375559 120.635353 372.873210 120.790949 0 0 0 40.993006 
1 683.639485 -5450.519852 5576.184858 5576.184858 0.000000 1.604091 1.613438 19.437290
0 461.610416 121.906346 446.585991 121.127545 0 0 0 3.971858 
0 279.672126 165.923322 261.566251 171.431900 0 0 0 21.643376 
1 274.445422 518.455300 371.233235 371.233235 -0.000000 4.608702 4.681586 3.903168
0 264.094922 147.542493 236.593811 150.030212 0 0 0 7.227409 
1 22.738034 180.513392 41.696842 41.696842 -0.000000 4.392803 5.305047 27.930901
0 49.523915 145.472053 31.281585 142.443629 0 0 0 39.335241 
0 43.888229 161.280452 63.785449 163.466113 0 0 0 34.836918 
0 126.750651 138.370580 140.534666 140.666351 0 0 0 2.900191 
1 472.823449 550.942799 494.920879 494.920879 -0.000000 4.648051 4.763315 42.806101
0 441.619989 56.956219 499.118278 56.642605 0 0 0 48.884978 
0 484.132399 122.455506 466.615801 122.146556 0 0 0 9.390398 
0 205.349597 152.766008 186.608886 152.348764 0 0 0 6.852340 
0 51.523521 163.558673 57.886587 163.761495 0 0 0 4.471613 
0 500.141681 154.864161 486.040511 146.722368 0 0 0 8.560829 
0 499.162184 123.128254 485.384726 122.614286 0 0 0 0.359498 
1 214.954391 83.833887 60.445706 60.445706 -0.000000 1.175083 1.452273 2.929195
0 239.164537 140.523976 223.054018 144.799546 0 0 0 2.582268 
1 223.001066 58.069190 103.302941 103.302941 -0.000000 1.255170 1.462250 28.481369
0 235.477545 160.903808 255.957426 156.932418 0 0 0 33.213332 
0 281.661671 125.009249 297.874026 126.634714 0 0 0 1.262588 
0 357.815313 137.767778 382.877519 139.076768 0 0 0 0.939111 
0 101.625419 170.456179 74.126153 170.598203 0 0 0 3.469024 
0 73.367684 157.248815 88.012572 153.398223 0 0 0 18.613081 
1 269.518651 51.487088 71.222228 71.222228 -0.000000 1.258406 1.620656 0.103574
1 471.293036 -798.872927 850.060229 850.060229 -0.000000 1.539308 1.622989 63.018571
0 499.125473 51.569977 475.374570 51.561370 0 0 0 38.289277 
1 -6.788283 67.639787 135.452489 135.452489 0.000000 1.319035 1.461173 1.340421
0 27.826146 200.015323 9.082384 202.561254 0 0 0 2.954129 
1 564.389031 -3.220921 219.216688 219.216688 -0.000000 1.878062 1.994852 10.466251
0 499.159411 206.529838 475.357620 197.923064 0 0 0 13.928230 
0 270.394186 166.634866 259.108732 166.806729 0 0 0 3.587706 
1 479.847236 -535.081609 586.956531 586.956531 -0.000000 1.580756 1.661030 29.672782
0 466.633881 50.808114 427.878364 51.012602 0 0 0 36.932720 
1 436.634566 -188.423662 242.563213 242.563213 0.000000 1.416615 1.519622 5.032054
0 475.279463 51.972849 460.314911 53.557589 0 0 0 5.927779 
0 60.500605 146.088746 55.175348 145.714286 0 0 0 3.971858 
0 136.590143 99.896158 167.889198 101.310895 0 0 0 8.572001 
0 135.552367 129.524653 149.145233 128.063179 0 0 0 1.617749 
0 280.367948 62.841368 264.049106 66.263044 0 0 0 3.432443 
1 277.368237 685.368391 530.931948 530.931948 0.000000 4.817292 4.872407 7.116946
0 334.128571 157.849421 362.842527 161.857627 0 0 0 8.902111 
1 404.230012 281.122207 234.799353 234.799353 0.000000 4.638927 4.796632 28.834197
0 425.377339 47.301217 387.877963 47.148323 0 0 0 23.084218 
1 21.247978 167.107677 28.604056 28.604056 -0.000000 4.301447 5.011855 24.903090
0 31.644587 139.818138 11.589956 140.384844 0 0 0 18.844173 
1 2707459.210705 4500081.380906 5251550.291456 5251550.291456 -0.000000 4.170753 4.170763 17.929959
0 85.216566 203.861327 117.006371 184.759694 0 0 0 15.582089 
0 101.812174 165.612890 83.011663 162.136023 0 0 0 1.553242 
0 412.884376 166.449514 429.154716 167.318811 0 0 0 2.165678 
1 435.259718 -591.844800 659.960470 659.960470 0.000000 1.475423 1.546946 26.547539
0 499.164426 66.047054 451.608103 68.836972 0 0 0 31.428588 
1 423.889593 1780.292007 1629.218946 1629.218946 -0.000000 4.472132 4.492094 8.615809
0 63.840808 191.773921 49.172699 195.559806 0 0 0 4.965518 
0 102.831768 174.763848 92.793575 175.473940 0 0 0 3.971858 
1 261.338141 322.158507 263.368042 263.368042 -0.000000 4.642817 4.714895 1.907016
0 262.881391 59.433190 244.113540 59.822387 0 0 0 0.165796 
0 457.864418 72.601896 440.342291 73.280802 0 0 0 0.941663 
