1 170.870868 3182.097992 2182.264221 2182.264221 0.000000 4.696868 4.734900 54.558567
1 156.667139 2436.829250 1936.937182 1936.937182 -0.000000 4.702235 4.736306 39.304054
1 318.078660 1159.119066 160.606688 160.606688 0.000000 4.562204 4.805890 3.539304
1 2.681561 1119.459269 348.525215 348.525215 -0.000000 5.662064 5.814923 2.380396
0 298.869110 435.296626 315.508204 465.495480 0 0 0 18.901138 
1 105.282371 593.716020 45.137331 45.137331 0.000000 5.878682 6.966817 12.639451
0 316.850681 970.295963 329.772618 992.505045 0 0 0 7.978827 
1 109.071178 95.418732 41.008227 41.008227 -0.000000 5.966373 7.027786 10.520342
0 118.799659 177.909014 128.056417 193.759062 0 0 0 6.336767 
1 118.876842 943.502518 56.467096 56.467096 -0.000000 5.675026 6.514239 6.701154
1 267.002173 517.987509 133.460375 133.460375 -0.000000 2.684449 3.271527 21.903455
1 270.430605 16.671768 137.001635 137.001635 -0.000000 2.689957 3.257648 15.653268
0 283.735365 408.373001 291.390080 422.559311 0 0 0 8.111871 
0 264.907530 871.291318 287.535882 915.481626 0 0 0 36.985637 
0 176.546244 448.338498 171.930012 418.433622 0 0 0 20.729455 
1 184.621495 649.088572 71.798777 71.798777 0.000000 2.451539 2.739434 3.571447
1 -98.476775 472.835047 314.583375 314.583375 0.000000 0.085091 0.522016 36.904925
0 173.514894 630.507217 155.965251 666.725439 0 0 0 31.092379 
1 268.528580 525.167046 119.868053 119.868053 -0.000000 3.374057 3.825036 12.997414
0 157.431985 668.534835 193.720550 739.387040 0 0 0 65.594012 
1 -825.781546 985.738851 1252.081571 1252.081571 0.000000 5.711163 5.802125 17.989313
1 291.712490 897.985278 128.448331 128.448331 -0.000000 3.038432 3.694799 26.627650
1 286.802982 394.207173 122.636479 122.636479 -0.000000 2.932435 3.689724 28.875510
0 318.076717 471.742504 331.394190 494.987707 0 0 0 10.908869 
1 2369.427939 -970.987873 2489.896534 2489.896534 0.000000 2.603674 2.666522 41.003667
1 -42.703479 967.501308 187.770702 187.770702 -0.000000 6.221331 6.451204 12.229004
1 315.018652 1404.884639 5.053778 5.053778 -0.000000 2.742690 8.310014 3.858267
1 267.021202 1020.013658 133.201863 133.201863 -0.000000 2.810423 3.285706 24.386679
1 -348.902606 -127.669978 581.657921 581.657921 0.000000 0.222052 0.527670 47.330331
1 -18.606526 473.498793 163.983733 163.983733 -0.000000 6.181445 6.439693 3.700194
1 28.990778 320.929033 114.290587 114.290587 -0.000000 5.778302 6.292417 8.907157
1 -1713.268630 1913.847208 2235.847798 2235.847798 0.000000 5.754007 5.798053 38.327266
0 194.165147 740.144970 217.764757 784.358683 0 0 0 47.777533 
1 -257.164681 344.798025 403.206910 403.206910 0.000000 6.251373 6.397567 26.912611
0 291.818509 423.320508 298.210525 434.663130 0 0 0 0.144472 
1 -811.035466 517.149100 961.399084 961.399084 -0.000000 6.174675 6.217434 14.848202
1 -4845.850587 1207.408133 5000.606260 5000.606260 -0.000000 6.219235 6.232755 54.878489
1 -264.579023 845.526178 410.613502 410.613502 0.000000 6.250173 6.393758 27.162010
1 -199.104180 272.111788 337.981267 337.981267 0.000000 6.052352 6.232468 39.376531
0 175.683570 1452.434057 174.402991 1429.449690 0 0 0 2.138819 
1 204.133262 987.967386 46.516181 46.516181 -0.000000 2.983572 4.001111 16.264624
1 -265.812352 780.955141 405.204641 405.204641 0.000000 6.069344 6.224078 34.852363
1 88.371379 1088.074610 62.679427 62.679427 0.000000 5.899457 6.887056 20.439861
1 233.777750 103.261115 105.642081 105.642081 0.000000 2.595805 3.086875 18.940359
0 146.371322 1499.529482 141.818141 1479.656221 0 0 0 0.898464 
0 129.656267 1124.503212 129.595352 1108.499637 0 0 0 3.583583 
1 -10.817491 81.161306 159.067332 159.067332 0.000000 5.896661 6.434999 66.127515
0 197.578837 1086.540561 185.303697 1110.399002 0 0 0 9.720617 
1 237.605922 603.392953 109.586548 109.586548 0.000000 2.614792 3.090011 6.816940
0 163.269771 1393.468367 166.715226 1368.392172 0 0 0 10.908869 
1 -71.128983 87.497078 216.579514 216.579514 -0.000000 6.239272 6.364367 18.598895
2 145.768648 603.582971 27.101799 1.033915 -1.503445 4.423151 5.269380 15.634131
0 184.462775 1110.480625 161.540774 1154.521222 0 0 0 28.883489 
0 146.835904 1477.450369 143.879852 1457.443875 0 0 0 3.590333 
1 396.354926 201.773491 265.607726 265.607726 -0.000000 2.764307 3.002213 18.170774
0 144.413995 786.268141 134.514150 747.242734 0 0 0 27.153722 
0 124.435586 161.477660 119.147605 176.724604 0 0 0 3.460673 
0 138.261274 936.530634 140.643687 955.096597 0 0 0 0.381774 
1 -1025.023711 478.109668 1182.925589 1182.925589 -0.000000 6.179723 6.293244 105.129545
1 -1057.769754 982.319047 1215.915981 1215.915981 -0.000000 6.179880 6.289508 107.570403
1 -177.817973 604.143382 326.818687 326.818687 0.000000 6.014765 6.199814 67.349317
0 124.441999 661.479941 119.167601 676.730884 0 0 0 1.109125 
0 157.562004 1168.468831 176.845409 1206.829058 0 0 0 36.611111 
1 201.776527 1485.458840 43.015717 43.015717 0.000000 2.939923 4.037476 16.385259
0 148.205627 1454.516022 146.574668 1424.550364 0 0 0 18.966899 
1 257.015188 1380.124658 94.595310 94.595310 0.000000 2.750538 3.004045 7.821406
0 142.325345 805.784406 136.144228 823.721995 0 0 0 1.143962 
0 177.402729 1207.550484 193.473063 1238.513981 0 0 0 12.706417 
1 261.401752 203.255088 142.351061 142.351061 -0.000000 2.766450 3.242066 26.208077
1 79.174749 950.434260 72.603996 72.603996 -0.000000 0.091159 0.373313 3.673115
1 65.097720 458.802693 85.082320 85.082320 -0.000000 6.003589 6.519415 15.692830
1 1885.650064 310.382855 1931.497428 1931.497428 0.000000 2.601339 2.628695 19.406633
0 145.952975 1331.706224 142.477762 1305.636268 0 0 0 5.751809 
1 -98.381557 1106.200334 228.769486 228.769486 0.000000 0.082491 0.323174 61.578159
0 332.500000 500.500000 222.500000 500.500000 0 0 0 84.474880 
0 235.525526 1317.485599 248.935107 1341.254528 0 0 0 8.585131 
1 -319.516371 1346.149204 465.632921 465.632921 0.000000 6.252735 6.379441 28.836361
0 118.682490 719.739711 126.606025 746.762132 0 0 0 14.713583 
1 -438.276997 848.643660 677.157060 677.157060 -0.000000 0.227109 0.356184 10.528612
0 161.554986 1155.527923 155.884137 1166.695071 0 0 0 0.487512 
1 150.609973 672.079442 28.337310 28.337310 -0.000000 2.519766 3.401614 1.988665
0 181.668904 295.519585 185.968645 258.438387 0 0 0 30.052259 
0 187.764030 259.385373 175.632735 231.442374 0 0 0 19.719303 
0 248.498060 1342.501079 270.691966 1382.393200 0 0 0 27.684125 
1 -88.129176 592.487726 258.213483 258.213483 0.000000 6.086314 6.296791 27.233517
0 182.043660 789.572782 186.340245 757.478613 0 0 0 16.366488 
0 168.210657 59.399080 170.775606 77.460861 0 0 0 5.246152 
0 145.519912 829.497050 142.411142 808.513164 0 0 0 10.778589 
0 126.163134 1215.389066 120.466872 1181.338255 0 0 0 12.242296 
0 187.548683 758.478322 160.950249 698.744796 0 0 0 61.242618 
0 169.842324 218.791554 157.333205 190.573942 0 0 0 20.989105 
0 147.651284 263.474086 145.716001 177.495138 0 0 0 76.643767 
1 -865.298011 1472.920297 1023.214039 1023.214039 -0.000000 6.169615 6.299891 83.312097
0 182.684754 1283.526195 186.397040 1257.343617 0 0 0 9.666864 
0 138.759630 110.447060 140.601368 119.479330 0 0 0 0.631639 
0 138.705061 610.246801 140.642970 619.469960 0 0 0 1.953438 
1 -929.006540 745.580051 1075.657589 1075.657589 -0.000000 6.220345 6.293798 103.298187
1 190.649042 175.258998 36.887947 36.887947 -0.000000 2.739351 3.342470 8.542525
0 186.591958 1256.459194 154.633716 1184.440663 0 0 0 57.992804 
0 168.449566 1360.480704 180.327823 1329.434126 0 0 0 10.584174 
0 121.687894 697.519207 119.542706 718.504366 0 0 0 9.629312 
1 204.602161 670.365853 51.267962 51.267962 0.000000 2.586908 3.189253 9.494247
0 182.682492 318.523656 182.044747 296.484237 0 0 0 0.627790 
0 130.619446 1195.474964 136.292929 1222.543402 0 0 0 3.988660 
0 128.823048 235.311778 123.863223 200.448326 0 0 0 33.691360 
0 182.380220 811.485949 182.045072 790.491299 0 0 0 10.421501 
0 104.500000 1000.500000 134.500000 1000.500000 0 0 0 12.227681 
0 194.575025 1240.460810 202.445645 1255.528392 0 0 0 1.754277 
0 144.086975 1286.366736 137.531594 1257.492827 0 0 0 8.495946 
1 21.039333 1084.340885 127.142548 127.142548 0.000000 6.010841 6.493374 25.582828
1 -325.048486 766.436509 453.456067 453.456067 -0.000000 6.093105 6.226851 21.890594
0 150.826678 1463.570773 147.633018 1478.312172 0 0 0 0.904041 
1 795.588715 1307.527724 614.060737 614.060737 -0.000000 3.145712 3.179918 11.246050
1 186.763731 438.579556 48.883009 48.883009 -0.000000 2.780414 3.508350 10.405549
1 213.356961 1212.678217 93.333336 93.333336 0.000000 2.573222 3.268734 28.261091
0 146.741963 356.985413 137.936565 335.733450 0 0 0 6.336767 
0 133.847308 746.721041 129.990881 735.333758 0 0 0 3.473082 
0 145.141462 852.213247 137.641792 835.436615 0 0 0 4.704100 
0 143.009547 913.396817 138.365390 935.471681 0 0 0 7.171333 
0 136.386582 1223.508279 138.720595 1255.483898 0 0 0 13.056702 
0 123.930891 199.598198 121.301867 184.361640 0 0 0 0.413589 
0 223.500000 1000.500000 293.500000 1000.500000 0 0 0 48.351281 
0 51.500000 500.500000 1.500000 500.500000 0 0 0 26.841084 
0 184.844106 1254.537743 182.110853 1279.457317 0 0 0 4.520170 
1 114.789611 78.359431 53.524986 53.524986 -0.000000 5.904780 6.407342 5.348003
0 175.219997 230.629889 169.958376 219.287366 0 0 0 2.521788 
0 151.162660 799.679712 144.220685 786.648800 0 0 0 5.449780 
1 102.934982 272.651648 94.254293 94.254293 0.000000 0.217524 0.528630 13.846222
1 369.836010 628.734662 202.432873 202.432873 0.000000 3.086651 3.331945 47.456684
1 70.813320 759.195292 128.994474 128.994474 0.000000 0.273251 0.492969 9.232414
1 -168.906286 1010.455305 313.929962 313.929962 0.000000 0.160052 0.301199 45.839056
1 132.129354 1440.554759 41.277957 41.277957 -0.000000 5.754163 6.781857 11.437748
0 141.400891 1105.487212 139.337508 1121.479034 0 0 0 2.266560 
0 66.500000 1000.500000 102.500000 1000.500000 0 0 0 17.646221 
1 -95.708228 183.220580 250.200212 250.200212 0.000000 0.031269 0.259800 50.664074
0 138.730976 642.733238 143.873778 659.689927 0 0 0 9.617171 
0 132.581308 765.476957 141.120569 795.607534 0 0 0 7.054149 
1 25.447791 64.912352 111.886764 111.886764 -0.000000 0.081286 0.409585 4.624133
0 96.121141 248.350909 92.607901 233.714129 0 0 0 0.111875 
0 184.789211 254.530899 182.125821 279.460023 0 0 0 7.732963 
1 681.271078 408.710304 561.406947 561.406947 0.000000 3.066121 3.207138 47.803963
0 96.113592 748.353297 92.613037 733.712063 0 0 0 0.111875 
0 184.806616 754.533068 182.118424 779.458848 0 0 0 4.249612 
1 -54.677044 570.656627 243.737365 243.737365 -0.000000 6.194181 6.429593 35.703114
2 190.096628 943.071129 163.118624 1.677060 -1.554611 1.578363 1.600275 24.185129
0 103.784138 479.553172 108.292612 455.461190 0 0 0 16.433601 
1 -45.364991 688.239303 200.050429 200.050429 0.000000 6.246707 6.568707 45.523772
1 -563.820749 935.547386 670.071237 670.071237 0.000000 6.222634 6.378057 32.672748
1 756.354666 1097.120943 556.743170 556.743170 0.000000 3.202955 3.314810 27.481585
1 -1099.246978 1247.005903 1245.782548 1245.782548 -0.000000 6.228583 6.289605 87.784606
0 103.668093 1480.529854 108.469712 1453.494621 0 0 0 12.766229 
0 96.151194 1248.331602 92.812083 1235.419296 0 0 0 2.636684 
1 -442.113883 29.625539 626.586402 626.586402 -0.000000 6.237425 6.318906 60.926313
1 -364.862201 532.361417 549.419471 549.419471 -0.000000 6.226004 6.317131 64.409948
0 136.691440 1255.435775 129.047763 1232.651718 0 0 0 8.615321 
1 49.974372 214.305874 46.992857 46.992857 0.000000 5.920929 6.712449 6.569055
1 115.510244 578.501381 52.843334 52.843334 -0.000000 5.719308 6.443702 6.938872
1 47.703108 714.277637 49.205209 49.205209 0.000000 5.945093 6.693834 6.277010
0 165.838152 42.452284 168.110391 58.554977 0 0 0 4.083464 
0 93.030475 1234.669539 98.516193 1217.505175 0 0 0 1.673289 
1 410.064889 276.562168 269.953878 269.953878 0.000000 2.946284 3.032215 1.278600
0 94.656487 197.628503 96.680944 179.408991 0 0 0 1.553664 
0 94.631829 697.631805 96.868355 678.426443 0 0 0 1.673289 
0 94.459157 1199.495552 96.646872 1179.407091 0 0 0 1.275963 
0 151.645664 1300.423492 143.545389 1285.001398 0 0 0 0.442205 
0 168.231950 38.747021 145.211024 13.766305 0 0 0 25.197084 
0 145.575820 1101.499795 145.505440 1075.499985 0 0 0 8.615321 
0 146.056714 406.628648 147.568075 388.340344 0 0 0 1.325203 
0 198.703191 1065.538793 195.650395 1081.528713 0 0 0 2.606519 
0 137.634952 1223.479667 135.505794 1209.348456 0 0 0 6.654999 
0 138.690942 473.491285 139.879334 499.528329 0 0 0 2.266560 
0 155.310927 663.647439 143.499321 648.500529 0 0 0 10.303237 
1 301.402144 878.098791 153.680428 153.680428 0.000000 3.083253 3.292991 45.770754
0 128.632553 1231.475297 126.010313 1217.404895 0 0 0 0.409840 
1 129.998466 273.320536 37.992446 37.992446 -0.000000 5.904598 7.025354 60.336704
1 781.342160 1323.812813 637.837996 637.837996 -0.000000 3.211899 3.334315 35.728000
1 224.717763 463.505609 92.926711 92.926711 0.000000 2.087325 2.648082 21.185714
0 138.768699 973.527440 139.744302 999.528355 0 0 0 0.506713 
1 110.886455 1410.804354 36.534869 36.534869 0.000000 6.037511 6.763125 11.150012
1 291.004947 379.324311 143.333753 143.333753 0.000000 3.087593 3.312418 45.271363
0 236.686730 385.422084 256.000393 431.708468 0 0 0 38.863365 
1 5122.828423 -1118.983861 5281.451071 5281.451071 -0.000000 2.728933 2.777007 149.215274
0 141.279062 264.212730 144.884169 273.989604 0 0 0 11.470678 
1 131.308198 269.695001 30.860696 30.860696 -0.000000 2.824015 3.429996 0.382289
0 106.576564 427.495100 105.234009 406.517023 0 0 0 6.197771 
0 97.904389 1216.443651 95.660208 1200.338332 0 0 0 2.293691 
1 284.321207 1411.391636 178.886220 178.886220 0.000000 2.931447 3.303045 6.281864
0 166.679456 50.465514 168.233290 58.551254 0 0 0 1.390601 
0 141.125795 765.276920 143.790768 772.752823 0 0 0 0.111875 
1 348.559642 1402.847203 186.596524 186.596524 0.000000 3.108447 3.438046 16.924647
0 155.139618 163.760748 141.305589 144.640663 0 0 0 6.007067 
0 143.483444 1070.500865 144.423958 1088.503973 0 0 0 5.949391 
0 189.633013 264.454035 198.002089 288.672064 0 0 0 18.039815 
1 135.382929 769.852180 34.878748 34.878748 -0.000000 2.866277 3.400798 1.122617
0 106.971071 1347.589259 103.414618 1326.514408 0 0 0 1.600435 
0 157.212944 480.241728 151.188884 463.612705 0 0 0 2.655986 
0 106.039535 795.371225 102.716449 781.448338 0 0 0 1.909540 
0 106.042639 1295.370355 102.716446 1281.448288 0 0 0 1.909540 
0 138.340428 142.899464 144.105957 159.635745 0 0 0 2.275274 
0 256.733603 433.401031 284.853273 499.773994 0 0 0 52.335203 
1 134.769491 1269.772291 34.255348 34.255348 -0.000000 2.858913 3.403157 1.122617
1 91.223978 764.033797 76.801238 76.801238 0.000000 6.195243 6.747729 55.520856
0 148.829166 249.527909 146.541999 276.503561 0 0 0 3.213272 
0 121.905712 454.490078 122.296779 470.480514 0 0 0 7.755730 
0 106.980969 847.587364 102.068806 818.404257 0 0 0 10.155527 
1 273.291899 1373.107024 125.395708 125.395708 0.000000 3.062165 3.301976 39.345080
0 191.967074 1239.771227 178.172513 1212.666671 0 0 0 5.084949 
0 138.897654 1241.468058 137.534470 1224.497231 0 0 0 0.590494 
0 104.038586 499.515541 104.587224 480.502517 0 0 0 5.286695 
0 198.577894 289.469218 236.181860 384.625722 0 0 0 82.281406 
1 315.239409 1019.991877 182.404888 182.404888 -0.000000 2.930347 3.246576 14.088009
0 105.197879 405.461447 106.987817 391.434641 0 0 0 0.980433 
1 338.979933 1441.198755 202.026545 202.026545 0.000000 3.112879 3.226959 1.800860
0 103.951672 1499.519244 104.761555 1480.511144 0 0 0 4.798984 
0 189.304988 1263.568615 199.486263 1292.504833 0 0 0 26.583583 
1 100.711365 1195.959339 19.314482 19.314482 0.000000 5.628895 6.500630 0.319202
0 200.503598 541.500401 202.840246 520.537927 0 0 0 9.518411 
1 -133.690755 728.006619 282.853279 282.853279 0.000000 0.063790 0.159502 1.866707
1 -114.388838 1041.772070 314.318958 314.318958 -0.000000 0.003893 0.132054 21.116278
1 3776.499743 1598.355470 3636.177481 3636.177481 0.000000 3.195321 3.201391 11.361633
1 30991.600094 -11224.492833 33239.510577 33239.510577 -0.000000 2.751453 2.755459 85.775511
0 102.843781 317.450610 104.346234 297.488427 0 0 0 4.083464 
1 -49.563425 322.389994 171.340938 171.340938 -0.000000 0.015212 0.097077 1.800860
0 183.777655 561.452695 180.712851 543.463736 0 0 0 7.772047 
0 102.764634 816.434772 104.444619 797.495088 0 0 0 6.093267 
0 157.513640 954.499207 156.117198 930.464141 0 0 0 4.375072 
0 102.830000 1317.447903 104.381811 1297.490810 0 0 0 6.336767 
0 183.828255 61.440602 180.404059 42.517361 0 0 0 9.501244 
0 110.644042 885.241866 107.541317 871.490678 0 0 0 4.340688 
0 250.401932 1418.542999 256.885894 1433.330798 0 0 0 2.606519 
0 110.687435 385.224973 107.508104 371.498123 0 0 0 2.760630 
0 76.500000 500.500000 102.500000 500.500000 0 0 0 8.615321 
0 149.777658 783.492385 149.119939 759.510423 0 0 0 2.308972 
0 178.148133 1233.221438 186.962914 1253.730836 0 0 0 1.143962 
0 146.170855 1355.215731 137.768321 1335.386301 0 0 0 2.293691 
0 121.910730 825.488161 121.628763 839.522678 0 0 0 0.465741 
1 293.579206 479.823270 171.433229 171.433229 -0.000000 3.028987 3.211613 14.467995
0 166.696747 1046.474002 170.661612 1076.478644 0 0 0 10.361326 
1 881.982896 1106.650437 680.401612 680.401612 0.000000 3.196906 3.285477 24.521734
0 145.028184 1421.521305 146.292017 1449.509392 0 0 0 4.295641 
0 153.897811 1162.198206 143.503713 1148.497183 0 0 0 4.316599 
1 234.604065 1168.632354 78.349527 78.349527 -0.000000 2.539806 2.841827 1.234712
0 108.041079 455.491215 107.570351 426.498858 0 0 0 23.057452 
0 165.494819 1288.497504 160.831324 1298.177867 0 0 0 0.040194 
0 184.923683 1041.492849 184.248457 1001.487367 0 0 0 15.921640 
1 313.911973 1175.083192 194.798012 194.798012 -0.000000 2.862173 2.986152 0.855341
0 168.663035 1267.525035 165.593567 1287.514368 0 0 0 6.899244 
0 180.097837 1289.498027 180.038912 1301.507551 0 0 0 0.146540 
0 151.589882 1178.468587 160.464531 1203.861884 0 0 0 5.560024 
0 138.625817 1355.702670 135.781616 1343.434710 0 0 0 0.553957 
1 -56.818022 70.197658 245.914441 245.914441 -0.000000 6.196815 6.416918 37.797480
0 149.311501 283.470230 151.209257 271.454082 0 0 0 2.233678 
0 157.184138 1480.257800 150.964597 1462.689544 0 0 0 1.109125 
0 140.279795 605.488247 140.312986 610.514442 0 0 0 1.933498 
0 118.178145 723.481726 119.313274 703.489398 0 0 0 0.590494 
1 215.805630 155.900561 91.271038 91.271038 -0.000000 2.998323 3.271905 7.339555
0 139.351095 583.462852 135.887325 597.347154 0 0 0 0.146540 
1 296.207788 902.149168 187.244727 187.244727 0.000000 2.391481 2.520774 3.330498
0 121.783572 953.490952 123.251770 999.507920 0 0 0 34.863168 
1 71.973592 1211.253292 73.328500 73.328500 0.000000 6.252339 6.688343 10.572359
0 258.004760 1436.285845 284.927738 1499.742795 0 0 0 51.577917 
0 57.004540 499.504946 56.796140 436.495713 0 0 0 83.600838 
0 200.277356 1041.473182 203.407184 1015.488820 0 0 0 7.732963 
0 139.762575 255.147015 143.398388 264.910239 0 0 0 1.360362 
0 138.636301 580.515963 140.511844 564.501387 0 0 0 4.422440 
0 135.029953 588.628991 130.614142 606.771182 0 0 0 0.631639 
1 4.139621 737.026572 154.228766 154.228766 -0.000000 6.250738 6.518774 35.446035
0 139.280050 1369.541346 137.543584 1360.303827 0 0 0 0.365105 
0 110.169368 1382.581418 107.443975 1371.513796 0 0 0 5.002961 
0 144.141781 1189.481803 144.653345 1207.524006 0 0 0 5.244329 
1 315.028281 1455.828121 4.959151 4.959151 -0.000000 3.490303 7.860761 0.676237
1 94.865504 255.490171 61.662278 61.662278 0.000000 6.126660 6.555444 15.916416
0 120.326366 907.486988 120.814875 938.510788 0 0 0 8.495946 
1 469.721651 960.263326 414.237565 414.237565 0.000000 3.048010 3.183295 21.954996
1 64.783890 977.281294 159.329415 159.329415 -0.000000 0.149738 0.355192 1.464610
1 2140.613514 1530.057193 2086.331990 2086.331990 0.000000 3.156476 3.182851 26.176129
0 180.968077 124.177189 194.937487 101.158625 0 0 0 2.441415 
0 143.855367 773.314795 147.578671 780.458999 0 0 0 0.909117 
0 149.585184 1281.493251 148.161834 1263.526790 0 0 0 2.793446 
0 185.439087 284.490302 189.109349 261.437803 0 0 0 2.097331 
0 171.695918 1070.470880 167.995555 1045.574977 0 0 0 7.122002 
0 164.158767 58.515177 164.320482 51.495864 0 0 0 2.793446 
1 285.202057 940.042481 148.292940 148.292940 -0.000000 3.094681 3.250147 0.915396
0 157.006722 448.522314 156.144921 429.470827 0 0 0 2.636684 
1 99.927381 722.103509 43.209809 43.209809 0.000000 0.067146 0.408154 3.330498
0 138.738586 79.526589 140.744494 61.527247 0 0 0 7.772047 
0 129.433518 192.524449 124.950552 180.334308 0 0 0 0.409840 
1 -87.100491 139.962555 255.387816 255.387816 0.000000 6.039388 6.259907 52.220115
1 -4915.326001 713.013827 4972.339908 4972.339908 0.000000 6.213784 6.240329 134.179617
0 41.500000 1000.500000 1.500000 1000.500000 0 0 0 21.258581 
0 148.520701 1351.499166 147.796946 1333.528315 0 0 0 3.386886 
1 -23.786341 1221.417785 183.769540 183.769540 0.000000 0.084582 0.278675 37.029497
0 201.927284 512.535036 200.284962 532.564364 0 0 0 3.519290 
0 144.500000 579.500000 144.500000 596.500000 0 0 0 0.487512 
1 334.065436 798.982850 149.831240 149.831240 -0.000000 3.235122 3.397676 4.552171
0 168.775033 1447.568678 166.101629 1419.348273 0 0 0 18.630613 
0 163.624808 373.481638 158.478675 338.503137 0 0 0 12.900585 
0 145.449267 210.499831 145.379407 231.499599 0 0 0 4.099871 
0 164.443741 58.432699 163.876126 50.473177 0 0 0 6.336568 
0 148.411331 490.244713 154.983963 499.853000 0 0 0 4.411919 
0 137.174377 1190.535915 135.188857 1172.534318 0 0 0 3.196781 
0 162.562786 1361.718011 158.775324 1345.435955 0 0 0 4.520170 
0 200.076253 981.654372 206.568376 999.475090 0 0 0 10.303237 
0 145.465147 710.499875 145.389850 731.499605 0 0 0 4.099871 
0 120.965767 940.464213 121.817727 951.552422 0 0 0 0.904041 
0 197.295270 473.572786 206.195946 498.608099 0 0 0 18.966899 
0 128.275499 110.524075 127.251999 143.492301 0 0 0 5.313208 
0 181.522842 281.501891 179.946610 300.536982 0 0 0 0.056168 
0 124.363492 271.471881 119.928952 293.000328 0 0 0 1.673289 
0 162.086003 862.407203 156.711285 828.466542 0 0 0 13.020839 
0 175.308820 42.375166 166.902693 36.330681 0 0 0 7.755730 
0 144.389554 224.470928 140.437894 239.483652 0 0 0 0.040194 
0 155.850540 384.469275 151.731847 337.479678 0 0 0 25.805659 
1 -8646.658498 1175.064419 8830.699715 8830.699715 0.000000 6.263472 6.268116 36.614636
0 101.164832 1167.509529 100.482223 1143.500505 0 0 0 5.238429 
0 145.276590 421.501540 145.400700 439.500685 0 0 0 1.390601 
0 102.044946 172.540539 100.084741 150.536994 0 0 0 4.524542 
1 -193.895288 669.634652 295.020419 295.020419 0.000000 6.172222 6.291206 1.681290
0 162.433031 583.510507 165.285471 601.690559 0 0 0 5.313208 
0 153.460443 855.504015 151.541505 836.597282 0 0 0 4.653805 
0 48.733726 229.570213 44.820608 242.596312 0 0 0 0.040194 
0 141.400756 352.502681 141.858881 369.463295 0 0 0 3.885385 
1 311.126650 949.284074 171.356190 171.356190 0.000000 3.154939 3.277611 0.030678
1 82.822018 747.183414 38.539297 38.539297 0.000000 3.146442 3.692922 1.532872
1 -730.182188 955.718568 782.155425 782.155425 -0.000000 6.264322 6.338605 52.111377
0 154.299174 91.337063 157.000011 71.432158 0 0 0 15.672861 
0 66.089716 264.420817 62.596924 282.518706 0 0 0 3.738989 
0 126.677504 298.482055 125.066191 282.543857 0 0 0 0.287719 
0 124.248956 771.452192 120.179779 792.819890 0 0 0 0.481217 
0 145.293294 921.501364 145.412032 939.500580 0 0 0 1.390601 
0 159.305066 1344.531729 155.554778 1321.491084 0 0 0 21.506183 
0 54.731928 1457.513240 53.363051 1481.492182 0 0 0 7.712231 
1 117.813925 569.664309 39.606517 39.606517 0.000000 0.087132 0.536626 4.984344
0 167.855482 939.524353 167.288090 924.508007 0 0 0 0.144472 
0 54.249291 1335.490746 55.061576 1313.483818 0 0 0 7.223945 
0 141.029636 184.534773 142.505600 204.499586 0 0 0 0.510310 
0 164.283942 556.749347 161.998407 545.602849 0 0 0 0.225276 
0 141.048656 684.531002 142.215580 701.519536 0 0 0 0.280689 
0 54.284125 832.491287 55.051334 813.481892 0 0 0 6.809141 
0 141.290937 855.520160 142.646971 869.582259 0 0 0 2.905807 
1 242.514025 466.251318 174.998758 174.998758 -0.000000 3.114388 3.240126 9.795785
0 198.791973 1032.500976 198.741842 1047.500808 0 0 0 1.115794 
1 651.302484 1407.326463 602.880058 602.880058 -0.000000 3.115576 3.176986 26.370011
0 42.634556 230.501391 42.458835 247.499574 0 0 0 0.487512 
0 190.743788 1078.472812 190.130793 1095.522679 0 0 0 3.196781 
0 67.520397 229.502994 64.992962 246.719175 0 0 0 0.852544 
1 -795.177130 56.975315 978.588543 978.588543 -0.000000 6.225907 6.266855 5.746187
0 190.739622 548.499711 190.768564 572.499676 0 0 0 6.809141 
0 59.744478 731.487609 59.034169 717.472927 0 0 0 0.487512 
0 42.500000 730.500000 42.500000 748.500000 0 0 0 1.390601 
0 47.626955 889.502719 46.941415 921.509455 0 0 0 17.955374 
0 74.960687 218.486473 74.483818 237.499594 0 0 0 3.678165 
0 54.245920 328.480119 55.418592 313.493630 0 0 0 0.487512 
1 814.307264 1105.628453 757.530220 757.530220 -0.000000 3.282946 3.317469 5.670664
0 192.108983 1064.577346 190.468213 1077.495963 0 0 0 1.289239 
0 155.564333 1175.487234 158.197884 1188.758394 0 0 0 0.212606 
0 67.308957 729.483059 65.533642 749.502983 0 0 0 6.336767 
1 -804.231418 561.660051 987.804175 987.804175 -0.000000 6.221694 6.262261 7.936480
0 68.195849 473.493062 67.967323 483.510661 0 0 0 0.212606 
0 50.682423 927.493453 51.113806 939.513860 0 0 0 0.904041 
0 68.894481 950.534717 67.394497 967.578722 0 0 0 1.030595 
0 141.465322 754.508716 144.243935 765.564357 0 0 0 0.904041 
0 196.084455 1049.415243 193.223165 1063.443535 0 0 0 5.091605 
0 59.904179 243.480523 59.250006 263.491828 0 0 0 3.456205 
0 68.346963 484.464416 64.884200 499.356815 0 0 0 0.287719 
0 59.841373 743.483490 59.339727 763.495982 0 0 0 1.026520 
0 174.565690 1100.452009 173.589694 1119.453242 0 0 0 7.912518 
0 64.138508 247.431696 63.730636 255.561739 0 0 0 0.898464 
0 201.856828 1089.693525 209.314950 1075.941987 0 0 0 4.041369 
1 -1155.269992 989.135822 1212.629408 1212.629408 -0.000000 6.212134 6.231109 1.550585
1 903.809710 1457.022791 785.271244 785.271244 0.000000 3.151815 3.173466 3.270570
0 169.924361 81.483445 170.745422 102.529438 0 0 0 11.324591 
0 76.500000 247.500000 76.500000 229.500000 0 0 0 1.390601 
0 154.882820 1375.541905 153.724673 1358.484745 0 0 0 5.906051 
0 47.766722 1401.514160 46.758039 1420.513699 0 0 0 2.293691 
0 136.239280 127.587658 137.282028 142.584686 0 0 0 0.144472 
0 157.490402 1399.500998 155.206692 1377.530488 0 0 0 7.441130 
0 68.253255 1473.486664 67.334235 1490.491041 0 0 0 3.678165 
0 195.335578 546.484419 195.214814 555.509565 0 0 0 2.293691 
0 171.041808 1256.507063 170.859346 1270.504684 0 0 0 1.769585 
1 449.411507 31.448855 316.858691 316.858691 -0.000000 3.114574 3.238136 8.875088
